line
-20.7568563, -42.8767681
-20.7569663, -42.8766145
-20.7570846, -42.8764514
-20.7572177, -42.8762950
-20.7574579, -42.8760778
-20.7575474, -42.8760334
 -------------------------------------
|			 -42.8760334			  |
|-20.7575474			 -20.7568563  |
|			 -42.8767681			  |
 -------------------------------------


line
-20.7560915, -42.8799242
-20.7560182, -42.8798975
-20.7556304, -42.8797890
 -------------------------------------
|			 -42.8797890			  |
|-20.7560915			 -20.7556304  |
|			 -42.8799242			  |
 -------------------------------------


line
-20.7551929, -42.8788884
-20.7555033, -42.8792957
 -------------------------------------
|			 -42.8788884			  |
|-20.7555033			 -20.7551929  |
|			 -42.8792957			  |
 -------------------------------------


polygon
-20.7561077, -42.8802212
-20.7556172, -42.8808632
-20.7550854, -42.8814991
-20.7549646, -42.8816495
-20.7548355, -42.8818070
-20.7545823, -42.8821078
-20.7543076, -42.8824777
-20.7542509, -42.8827481
-20.7542499, -42.8830574
-20.7543057, -42.8835826
-20.7543079, -42.8838208
-20.7542719, -42.8838150
-20.7542773, -42.8836212
-20.7542577, -42.8834488
-20.7541802, -42.8829954
-20.7541825, -42.8826817
-20.7542828, -42.8824081
-20.7545336, -42.8820756
-20.7550252, -42.8814801
-20.7553231, -42.8811260
-20.7560776, -42.8801917
-20.7561077, -42.8802212
 -------------------------------------
|			 -42.8801917			  |
|-20.7561077			 -20.7541802  |
|			 -42.8838208			  |
 -------------------------------------


line
-20.7565499, -42.8754775
-20.7562971, -42.8757286
-20.7561616, -42.8758600
-20.7560764, -42.8759431
-20.7559760, -42.8760048
-20.7559183, -42.8760263
-20.7558582, -42.8760156
-20.7557879, -42.8759861
-20.7557102, -42.8759351
 -------------------------------------
|			 -42.8754775			  |
|-20.7565499			 -20.7557102  |
|			 -42.8760263			  |
 -------------------------------------


line
-20.7552197, -42.8762833
-20.7548299, -42.8759878
-20.7547558, -42.8760092
-20.7547057, -42.8761057
-20.7546571, -42.8764561
-20.7545706, -42.8767303
-20.7545937, -42.8767858
-20.7546484, -42.8767950
-20.7546830, -42.8767457
-20.7546571, -42.8764561
 -------------------------------------
|			 -42.8759878			  |
|-20.7552197			 -20.7545706  |
|			 -42.8767950			  |
 -------------------------------------


line
-20.7573130, -42.8759802
-20.7572276, -42.8755842
-20.7572162, -42.8755313
 -------------------------------------
|			 -42.8755313			  |
|-20.7573130			 -20.7572162  |
|			 -42.8759802			  |
 -------------------------------------


line
-20.7561291, -42.8797459
-20.7561032, -42.8794994
-20.7560715, -42.8793885
-20.7560369, -42.8793099
-20.7559692, -42.8791959
-20.7555504, -42.8786095
-20.7555383, -42.8785698
-20.7555326, -42.8785135
-20.7554821, -42.8777063
-20.7553024, -42.8768734
-20.7552698, -42.8766267
-20.7552765, -42.8764660
-20.7552911, -42.8763187
-20.7553159, -42.8761984
-20.7553374, -42.8761329
-20.7553622, -42.8760763
-20.7553978, -42.8760151
-20.7564365, -42.8746964
-20.7564512, -42.8746777
-20.7573312, -42.8735595
-20.7639433, -42.8651579
-20.7650795, -42.8636846
-20.7656013, -42.8629084
-20.7658315, -42.8622951
-20.7658975, -42.8615574
-20.7659575, -42.8610314
-20.7660282, -42.8605058
-20.7661087, -42.8600703
-20.7662063, -42.8596485
-20.7664311, -42.8591042
-20.7666813, -42.8586279
-20.7669655, -42.8583422
-20.7673429, -42.8580882
-20.7675932, -42.8580609
-20.7677882, -42.8580972
-20.7682505, -42.8581834
-20.7685025, -42.8582651
-20.7687506, -42.8582832
-20.7690327, -42.8582220
-20.7692765, -42.8580700
-20.7695140, -42.8577253
-20.7701385, -42.8564986
-20.7702075, -42.8562035
-20.7701865, -42.8557738
-20.7701505, -42.8552959
-20.7702165, -42.8549815
-20.7703604, -42.8547121
-20.7705403, -42.8545421
-20.7707952, -42.8543850
-20.7710831, -42.8543529
-20.7713860, -42.8543882
-20.7717189, -42.8543593
-20.7721058, -42.8542406
-20.7759982, -42.8521174
-20.7762292, -42.8519474
-20.7764511, -42.8518768
-20.7767359, -42.8518159
-20.7770898, -42.8517421
-20.7773087, -42.8516202
-20.7775486, -42.8514085
-20.7776986, -42.8511616
-20.7777855, -42.8509274
-20.7778155, -42.8506484
-20.7777795, -42.8502988
-20.7774467, -42.8495098
-20.7773567, -42.8491666
-20.7773627, -42.8487753
-20.7774437, -42.8485508
-20.7775846, -42.8483295
-20.7778995, -42.8481082
-20.7781724, -42.8480248
-20.7798876, -42.8476591
-20.7802145, -42.8475244
-20.7804934, -42.8473095
-20.7808502, -42.8469439
-20.7810122, -42.8464788
-20.7809912, -42.8461517
-20.7809012, -42.8457540
-20.7809282, -42.8454332
-20.7811501, -42.8449425
-20.7813030, -42.8445256
-20.7812820, -42.8442048
-20.7811931, -42.8438910
-20.7810680, -42.8436914
-20.7809068, -42.8435417
-20.7807011, -42.8434601
-20.7798289, -42.8431444
-20.7795745, -42.8430627
-20.7793539, -42.8430265
-20.7791249, -42.8430401
-20.7788917, -42.8431126
-20.7785270, -42.8432442
-20.7783404, -42.8432805
-20.7781623, -42.8432941
-20.7779163, -42.8432351
-20.7777127, -42.8431217
-20.7775770, -42.8429675
-20.7774159, -42.8425819
-20.7760164, -42.8393478
-20.7754829, -42.8383340
-20.7753438, -42.8379750
 -------------------------------------
|			 -42.8379750			  |
|-20.7813030			 -20.7552698  |
|			 -42.8797459			  |
 -------------------------------------


line
-20.7555121, -42.8786052
-20.7554407, -42.8780902
-20.7554350, -42.8780626
-20.7554190, -42.8780398
-20.7554046, -42.8780301
-20.7553936, -42.8780277
-20.7553542, -42.8780297
 -------------------------------------
|			 -42.8780277			  |
|-20.7555121			 -20.7553542  |
|			 -42.8786052			  |
 -------------------------------------


line
-20.7548372, -42.8815795
-20.7548581, -42.8815982
-20.7548879, -42.8815964
-20.7549160, -42.8815787
-20.7553550, -42.8810361
-20.7560413, -42.8801878
-20.7561321, -42.8800702
 -------------------------------------
|			 -42.8800702			  |
|-20.7561321			 -20.7548372  |
|			 -42.8815982			  |
 -------------------------------------


line
-20.7566052, -42.8792917
-20.7565462, -42.8793389
-20.7564268, -42.8794942
-20.7561331, -42.8798765
 -------------------------------------
|			 -42.8792917			  |
|-20.7566052			 -20.7561331  |
|			 -42.8798765			  |
 -------------------------------------


polygon
-20.7559143, -42.8789175
-20.7558911, -42.8790006
-20.7561029, -42.8793015
-20.7562088, -42.8797032
-20.7561195, -42.8798217
-20.7560864, -42.8795368
-20.7560643, -42.8794684
-20.7560351, -42.8793616
-20.7559805, -42.8792554
-20.7555563, -42.8786283
-20.7555668, -42.8786202
-20.7557074, -42.8787900
-20.7559143, -42.8789175
 -------------------------------------
|			 -42.8786202			  |
|-20.7562088			 -20.7555563  |
|			 -42.8798217			  |
 -------------------------------------


polygon
-20.7554164, -42.8779901
-20.7554769, -42.8779008
-20.7554884, -42.8781164
-20.7554495, -42.8780086
-20.7554164, -42.8779901
 -------------------------------------
|			 -42.8779008			  |
|-20.7554884			 -20.7554164  |
|			 -42.8781164			  |
 -------------------------------------


line
-20.7484126, -42.8853459
-20.7484502, -42.8855819
-20.7485255, -42.8858180
-20.7486433, -42.8860406
-20.7487668, -42.8862403
-20.7488942, -42.8863356
-20.7490296, -42.8864429
-20.7490941, -42.8864759
-20.7492554, -42.8865583
-20.7495388, -42.8866602
-20.7498899, -42.8867192
-20.7499652, -42.8867460
-20.7501482, -42.8867703
-20.7506123, -42.8868318
-20.7509162, -42.8869055
-20.7509885, -42.8869230
-20.7510290, -42.8869235
-20.7512293, -42.8869257
-20.7514416, -42.8868865
-20.7515052, -42.8868748
-20.7516817, -42.8868104
-20.7519391, -42.8867165
-20.7520547, -42.8866286
-20.7522095, -42.8865109
-20.7522778, -42.8864590
-20.7524736, -42.8862325
-20.7526766, -42.8859977
-20.7528890, -42.8856818
-20.7530563, -42.8854331
-20.7533338, -42.8850205
-20.7534541, -42.8848416
-20.7535394, -42.8847263
-20.7540034, -42.8843615
-20.7540806, -42.8842801
-20.7541195, -42.8842185
-20.7541641, -42.8841507
-20.7541972, -42.8840845
-20.7542172, -42.8840187
-20.7542362, -42.8839313
-20.7542514, -42.8838113
-20.7542600, -42.8836111
-20.7542353, -42.8834292
-20.7541621, -42.8830094
-20.7541583, -42.8829556
-20.7541630, -42.8826811
-20.7542723, -42.8823854
-20.7544947, -42.8820866
-20.7548321, -42.8816942
-20.7549205, -42.8815957
-20.7560696, -42.8801819
-20.7560867, -42.8801534
-20.7561138, -42.8800555
-20.7561237, -42.8799461
-20.7561294, -42.8798495
-20.7561291, -42.8797459
 -------------------------------------
|			 -42.8797459			  |
|-20.7561294			 -20.7484126  |
|			 -42.8869257			  |
 -------------------------------------


line
-20.7571112, -42.8774491
-20.7571029, -42.8772474
 -------------------------------------
|			 -42.8772474			  |
|-20.7571112			 -20.7571029  |
|			 -42.8774491			  |
 -------------------------------------


line
-20.7571112, -42.8774491
-20.7575166, -42.8771447
-20.7574203, -42.8769829
 -------------------------------------
|			 -42.8769829			  |
|-20.7575166			 -20.7571112  |
|			 -42.8774491			  |
 -------------------------------------


polygon
-20.7574785, -42.8771353
-20.7574166, -42.8770260
-20.7573056, -42.8771169
-20.7572120, -42.8773387
-20.7574785, -42.8771353
 -------------------------------------
|			 -42.8770260			  |
|-20.7574785			 -20.7572120  |
|			 -42.8773387			  |
 -------------------------------------


polygon
-20.7571414, -42.8773449
-20.7571385, -42.8772601
-20.7572206, -42.8771800
-20.7571414, -42.8773449
 -------------------------------------
|			 -42.8771800			  |
|-20.7572206			 -20.7571385  |
|			 -42.8773449			  |
 -------------------------------------


polygon
-20.7570420, -42.8774666
-20.7569945, -42.8773803
-20.7566271, -42.8777577
-20.7570420, -42.8774666
 -------------------------------------
|			 -42.8773803			  |
|-20.7570420			 -20.7566271  |
|			 -42.8777577			  |
 -------------------------------------


line
-20.7568661, -42.8774670
-20.7567199, -42.8772850
-20.7567199, -42.8771916
 -------------------------------------
|			 -42.8771916			  |
|-20.7568661			 -20.7567199  |
|			 -42.8774670			  |
 -------------------------------------


line
-20.7549462, -42.8785747
-20.7552560, -42.8788227
 -------------------------------------
|			 -42.8785747			  |
|-20.7552560			 -20.7549462  |
|			 -42.8788227			  |
 -------------------------------------


line
-20.7552902, -42.8787882
-20.7549766, -42.8785361
 -------------------------------------
|			 -42.8785361			  |
|-20.7552902			 -20.7549766  |
|			 -42.8787882			  |
 -------------------------------------


line
-20.7554614, -42.8777220
-20.7554425, -42.8777336
-20.7554253, -42.8777442
-20.7553816, -42.8777178
-20.7553056, -42.8774047
-20.7552333, -42.8774291
-20.7552904, -42.8776568
-20.7553816, -42.8777178
 -------------------------------------
|			 -42.8774047			  |
|-20.7554614			 -20.7552333  |
|			 -42.8777442			  |
 -------------------------------------


polygon
-20.7554101, -42.8777991
-20.7554329, -42.8777625
-20.7553436, -42.8773437
-20.7551782, -42.8773925
-20.7552619, -42.8776833
-20.7554101, -42.8777991
 -------------------------------------
|			 -42.8773437			  |
|-20.7554329			 -20.7551782  |
|			 -42.8777991			  |
 -------------------------------------


polygon
-20.7573271, -42.8759385
-20.7572450, -42.8755691
-20.7573013, -42.8755090
-20.7573559, -42.8754718
-20.7574419, -42.8754400
-20.7575302, -42.8754595
-20.7576664, -42.8755277
-20.7577017, -42.8755585
-20.7576901, -42.8756346
-20.7576427, -42.8756807
-20.7573271, -42.8759385
 -------------------------------------
|			 -42.8754400			  |
|-20.7577017			 -20.7572450  |
|			 -42.8759385			  |
 -------------------------------------


polygon
-20.7569810, -42.8782783
-20.7570257, -42.8781880
-20.7565392, -42.8778943
-20.7564895, -42.8779491
-20.7569810, -42.8782783
 -------------------------------------
|			 -42.8778943			  |
|-20.7570257			 -20.7564895  |
|			 -42.8782783			  |
 -------------------------------------


polygon
-20.7571415, -42.8782641
-20.7571001, -42.8783420
-20.7580367, -42.8789384
-20.7580814, -42.8788499
-20.7571415, -42.8782641
 -------------------------------------
|			 -42.8782641			  |
|-20.7580814			 -20.7571001  |
|			 -42.8789384			  |
 -------------------------------------


line
-20.7563986, -42.8746700
-20.7553819, -42.8759412
-20.7552887, -42.8760631
-20.7552184, -42.8762115
-20.7551918, -42.8762969
-20.7551861, -42.8764128
-20.7552051, -42.8766343
-20.7554425, -42.8777336
 -------------------------------------
|			 -42.8746700			  |
|-20.7563986			 -20.7551861  |
|			 -42.8777336			  |
 -------------------------------------


polygon
-20.7555867, -42.8799176
-20.7552255, -42.8798076
-20.7552707, -42.8796574
-20.7553459, -42.8796842
-20.7553860, -42.8795689
-20.7556669, -42.8796815
-20.7556304, -42.8797890
-20.7555867, -42.8799176
 -------------------------------------
|			 -42.8795689			  |
|-20.7556669			 -20.7552255  |
|			 -42.8799176			  |
 -------------------------------------


line
-20.7557102, -42.8759351
-20.7548674, -42.8753960
 -------------------------------------
|			 -42.8753960			  |
|-20.7557102			 -20.7548674  |
|			 -42.8759351			  |
 -------------------------------------


line
-20.7578657, -42.8751291
-20.7571653, -42.8754381
-20.7565499, -42.8754775
 -------------------------------------
|			 -42.8751291			  |
|-20.7578657			 -20.7565499  |
|			 -42.8754775			  |
 -------------------------------------


line
-20.7561068, -42.8800499
-20.7561138, -42.8800555
-20.7561321, -42.8800702
-20.7561644, -42.8800812
-20.7561982, -42.8800801
-20.7562297, -42.8800668
-20.7562552, -42.8800430
-20.7562717, -42.8800114
 -------------------------------------
|			 -42.8800114			  |
|-20.7562717			 -20.7561068  |
|			 -42.8800812			  |
 -------------------------------------


line
-20.7561331, -42.8798765
-20.7561112, -42.8798977
-20.7560915, -42.8799242
-20.7560807, -42.8799560
-20.7560797, -42.8799898
-20.7560887, -42.8800222
-20.7561068, -42.8800499
 -------------------------------------
|			 -42.8798765			  |
|-20.7561331			 -20.7560797  |
|			 -42.8800499			  |
 -------------------------------------


line
-20.7565064, -42.8795666
-20.7565077, -42.8795229
-20.7565005, -42.8795069
-20.7564801, -42.8794921
-20.7564611, -42.8794919
-20.7564268, -42.8794942
 -------------------------------------
|			 -42.8794919			  |
|-20.7565077			 -20.7564268  |
|			 -42.8795666			  |
 -------------------------------------


polygon
-20.7565148, -42.8794897
-20.7564993, -42.8794798
-20.7564817, -42.8794754
-20.7564683, -42.8794721
-20.7565137, -42.8794135
-20.7565499, -42.8793660
-20.7565719, -42.8793460
-20.7565817, -42.8793492
-20.7565850, -42.8793598
-20.7565803, -42.8793769
-20.7565630, -42.8794166
-20.7565253, -42.8795015
-20.7565148, -42.8794897
 -------------------------------------
|			 -42.8793460			  |
|-20.7565850			 -20.7564683  |
|			 -42.8795015			  |
 -------------------------------------


polygon
-20.7561997, -42.8802786
-20.7561773, -42.8803086
-20.7563454, -42.8804494
-20.7563174, -42.8804884
-20.7563482, -42.8805273
-20.7563538, -42.8805813
-20.7565052, -42.8805663
-20.7566004, -42.8805543
-20.7566257, -42.8805753
-20.7568386, -42.8805004
-20.7565556, -42.8804015
-20.7564996, -42.8804644
-20.7564267, -42.8804644
-20.7561997, -42.8802786
 -------------------------------------
|			 -42.8802786			  |
|-20.7568386			 -20.7561773  |
|			 -42.8805813			  |
 -------------------------------------


line
-20.7567227, -42.8790275
-20.7570869, -42.8792097
 -------------------------------------
|			 -42.8790275			  |
|-20.7570869			 -20.7567227  |
|			 -42.8792097			  |
 -------------------------------------


