Line
-20.7604627, -42.8641530
-20.7609543, -42.8638365
 -------------------------------------
|			 -42.8638365			  |
|-20.7609543			 -20.7604627  |
|			 -42.8641530			  |
 -------------------------------------


Line
-20.7614785, -42.8637432
-20.7608841, -42.8626670
-20.7602172, -42.8623586
-20.7600263, -42.8620823
-20.7593140, -42.8615459
 -------------------------------------
|			 -42.8615459			  |
|-20.7614785			 -20.7593140  |
|			 -42.8637432			  |
 -------------------------------------


Line
-20.7612278, -42.8671193
-20.7610925, -42.8669986
-20.7611883, -42.8668773
-20.7609088, -42.8666217
-20.7608149, -42.8667419
-20.7610925, -42.8669986
 -------------------------------------
|			 -42.8666217			  |
|-20.7612278			 -20.7608149  |
|			 -42.8671193			  |
 -------------------------------------


Line
-20.7629409, -42.8660784
-20.7623022, -42.8668853
 -------------------------------------
|			 -42.8660784			  |
|-20.7629409			 -20.7623022  |
|			 -42.8668853			  |
 -------------------------------------


Line
-20.7608149, -42.8667419
-20.7607086, -42.8668836
-20.7609808, -42.8671342
-20.7610925, -42.8669986
 -------------------------------------
|			 -42.8667419			  |
|-20.7610925			 -20.7607086  |
|			 -42.8671342			  |
 -------------------------------------


Line
-20.7603092, -42.8682719
-20.7601829, -42.8681536
-20.7602247, -42.8680981
-20.7599539, -42.8678563
-20.7598631, -42.8679718
-20.7601311, -42.8682137
-20.7601829, -42.8681536
 -------------------------------------
|			 -42.8678563			  |
|-20.7603092			 -20.7598631  |
|			 -42.8682719			  |
 -------------------------------------


Line
-20.7616639, -42.8665679
-20.7609934, -42.8659703
-20.7607751, -42.8662529
 -------------------------------------
|			 -42.8659703			  |
|-20.7616639			 -20.7607751  |
|			 -42.8665679			  |
 -------------------------------------


Line
-20.7629921, -42.8675025
-20.7626386, -42.8679718
-20.7624633, -42.8682026
 -------------------------------------
|			 -42.8675025			  |
|-20.7629921			 -20.7624633  |
|			 -42.8682026			  |
 -------------------------------------


Line
-20.7565280, -42.8747601
-20.7567203, -42.8745274
-20.7573887, -42.8736329
-20.7573312, -42.8735595
-20.7572651, -42.8734751
-20.7577739, -42.8728328
-20.7585313, -42.8718672
-20.7588356, -42.8714767
-20.7590831, -42.8711591
-20.7596377, -42.8704474
-20.7598362, -42.8701855
-20.7600376, -42.8699219
-20.7601975, -42.8697125
-20.7607186, -42.8690302
-20.7607499, -42.8689892
-20.7618028, -42.8676804
-20.7623869, -42.8669544
 -------------------------------------
|			 -42.8669544			  |
|-20.7623869			 -20.7565280  |
|			 -42.8747601			  |
 -------------------------------------


Line
-20.7605194, -42.8644248
-20.7604512, -42.8644544
-20.7603935, -42.8645080
-20.7603785, -42.8645590
-20.7603833, -42.8646178
-20.7604337, -42.8650311
 -------------------------------------
|			 -42.8644248			  |
|-20.7605194			 -20.7603785  |
|			 -42.8650311			  |
 -------------------------------------


Line
-20.7606919, -42.8689351
-20.7611717, -42.8683493
-20.7611607, -42.8682956
-20.7611171, -42.8682583
-20.7610712, -42.8682606
-20.7605971, -42.8688494
 -------------------------------------
|			 -42.8682583			  |
|-20.7611717			 -20.7605971  |
|			 -42.8689351			  |
 -------------------------------------


Polygon
-20.7606277, -42.8669518
-20.7609487, -42.8672390
-20.7612784, -42.8668211
-20.7609509, -42.8665222
-20.7606277, -42.8669518
 -------------------------------------
|			 -42.8665222			  |
|-20.7612784			 -20.7606277  |
|			 -42.8672390			  |
 -------------------------------------


Polygon
-20.7601308, -42.8682674
-20.7602753, -42.8680926
-20.7599407, -42.8677938
-20.7598039, -42.8679747
-20.7601308, -42.8682674
 -------------------------------------
|			 -42.8677938			  |
|-20.7602753			 -20.7598039  |
|			 -42.8682674			  |
 -------------------------------------


Polygon
-20.7605722, -42.8688270
-20.7610885, -42.8681850
-20.7612479, -42.8683251
-20.7607256, -42.8689655
-20.7605722, -42.8688270
 -------------------------------------
|			 -42.8681850			  |
|-20.7612479			 -20.7605722  |
|			 -42.8689655			  |
 -------------------------------------


Polygon
-20.7603760, -42.8651035
-20.7603158, -42.8646448
-20.7604613, -42.8646153
-20.7605265, -42.8650767
-20.7603760, -42.8651035
 -------------------------------------
|			 -42.8646153			  |
|-20.7605265			 -20.7603158  |
|			 -42.8651035			  |
 -------------------------------------


Line
-20.7618914, -42.8689266
-20.7624633, -42.8682026
 -------------------------------------
|			 -42.8682026			  |
|-20.7624633			 -20.7618914  |
|			 -42.8689266			  |
 -------------------------------------


Polygon
-20.7620900, -42.8678805
-20.7625649, -42.8672600
-20.7626091, -42.8672740
-20.7626461, -42.8672699
-20.7626952, -42.8672433
-20.7629921, -42.8675025
-20.7626386, -42.8679718
-20.7624633, -42.8682026
-20.7620900, -42.8678805
 -------------------------------------
|			 -42.8672433			  |
|-20.7629921			 -20.7620900  |
|			 -42.8682026			  |
 -------------------------------------


Line
-20.7620066, -42.8678644
-20.7618028, -42.8676804
-20.7612084, -42.8671436
 -------------------------------------
|			 -42.8671436			  |
|-20.7620066			 -20.7612084  |
|			 -42.8678644			  |
 -------------------------------------


Line
-20.7608183, -42.8655852
-20.7604716, -42.8660497
-20.7604606, -42.8661058
-20.7604759, -42.8661501
-20.7605218, -42.8661805
-20.7605654, -42.8661851
-20.7606200, -42.8661641
-20.7608646, -42.8658372
 -------------------------------------
|			 -42.8655852			  |
|-20.7608646			 -20.7604606  |
|			 -42.8661851			  |
 -------------------------------------


Polygon
-20.7607772, -42.8655212
-20.7604126, -42.8660194
-20.7604366, -42.8661805
-20.7605109, -42.8662412
-20.7606419, -42.8662248
-20.7610071, -42.8657675
-20.7608440, -42.8656252
-20.7607772, -42.8655212
 -------------------------------------
|			 -42.8655212			  |
|-20.7610071			 -20.7604126  |
|			 -42.8662412			  |
 -------------------------------------


Polygon
-20.7616220, -42.8666209
-20.7614909, -42.8665003
-20.7611246, -42.8661701
-20.7609759, -42.8660427
-20.7607816, -42.8663019
-20.7607248, -42.8662622
-20.7610109, -42.8658956
-20.7617100, -42.8665102
-20.7616220, -42.8666209
 -------------------------------------
|			 -42.8658956			  |
|-20.7617100			 -20.7607248  |
|			 -42.8666209			  |
 -------------------------------------


Line
-20.7632986, -42.8656363
-20.7629409, -42.8660784
-20.7625254, -42.8656942
-20.7624231, -42.8655997
 -------------------------------------
|			 -42.8655997			  |
|-20.7632986			 -20.7624231  |
|			 -42.8660784			  |
 -------------------------------------


